AL 2 10 30 90 160 250
ML 4 20 60 180 320 450
ECH 6 30 90 270 400 550
PAS 6 30 90 270 400 550
HH 8 40 100 300 450 600
RCH 10 50 150 450 625 750
DWE 10 50 150 450 625 750
CPH 12 60 180 500 700 900
LHI 14 70 200 550 750 950
BMH 14 70 200 550 750 950
OPT 16 80 220 600 800 1000
EV1 18 90 250 700 875 1050
EV2 18 90 250 700 875 1050
EV3 20 100 300 750 925 1100
PHYS 22 110 330 800 975 1150
B1 22 110 330 800 975 1150
B2 24 120 360 850 1025 1200
EIT 26 130 390 900 1100 1275
ESC 26 130 390 900 1100 1275
C2 28 150 450 1000 1200 1400
MC 35 175 500 1100 1300 1500
DC 50 200 600 1400 1700 2000
